0.02            2.16035507792e-68
0.03            1.67916802124e-46
0.04            1.6115080488e-35
0.05            6.58854872682e-29
0.06            1.74597037196e-24
0.07            2.59155058047e-21
0.08            6.34185965408e-19
0.09            4.66308384752e-17
0.1             1.47689879704e-15
0.11            2.53369817113e-14
0.12            2.74271601507e-13
0.13            2.0820672853e-12
0.14            1.19520488753e-11
0.15            5.48319533259e-11
0.16            2.09547000337e-10
0.17            6.88604794501e-10
0.18            1.99449705603e-09
0.19            5.19229136268e-09
0.2             1.23409943272e-08
0.21            2.71222834639e-08
0.22            5.56947749098e-08
0.23            1.07786510797e-07
0.24            1.98020204588e-07
0.25            3.47447583716e-07
0.26            5.85253180911e-07
0.27            9.50575736095e-07
0.28            1.49438778794e-06
0.29            2.2813711582e-06
0.3             3.39172742297e-06
0.31            4.9228673419e-06
0.32            6.99093064271e-06
0.33            9.7320965862e-06
0.34            1.33036555081e-05
0.35            1.78848213369e-05
0.36            2.36772743774e-05
0.37            3.0905432046e-05
0.38            3.98164525217e-05
0.39            5.0679982321e-05
0.4             6.37876636035e-05
0.41            7.94524206282e-05
0.42            9.80075472995e-05
0.43            0.000119805619302
0.44            0.000145217255053
0.45            0.000174629749759
0.46            0.000208445606349
0.47            0.000247080986133
0.48            0.000290964100776
0.49            0.0003405335657
0.5             0.000396236733394
0.51            0.000458528023402
0.52            0.00052786726402
0.53            0.000604718059001
0.54            0.00068954619089
0.55            0.000782818070988
0.56            0.000884999244426
0.57            0.000996552957393
0.58            0.00111793879224
0.59            0.00124961137496
0.6             0.00139201915845
0.61            0.00154560328396
0.62            0.00171079652216
0.63            0.00188802229466
0.64            0.00207769377579
0.65            0.00228021307428
0.66            0.00249597049338
0.67            0.00272534386811
0.68            0.00296869797742
0.69            0.00322638402913
0.7             0.00349873921494
0.71            0.00378608633275
0.72            0.00408873347341
0.73            0.00440697376877
0.74            0.00474108519785
0.75            0.00509133044798
0.76            0.00545795682767
0.77            0.00584119622792
0.78            0.00624126512892
0.79            0.00665836464882
0.8             0.00709268063156
0.81            0.0075443837708
0.82            0.00801362976688
0.83            0.00850055951413
0.84            0.00900529931567
0.85            0.00952796112317
0.86            0.010068642799
0.87            0.0106274283984
0.88            0.0112043884694
0.89            0.0117995803683
0.9             0.0124130485888
0.91            0.0130448251023
0.92            0.0136949297087
0.93            0.0143633703947
0.94            0.015050143699
0.95            0.015755235082
0.96            0.0164786192998
0.97            0.0172202607799
0.98            0.0179801139988
0.99            0.0187581238589
1.0             0.0195542260652
1.01            0.0203683474995
1.02            0.0212004065924
1.03            0.0220503136919
1.04            0.0229179714274
1.05            0.0238032750692
1.06            0.024706112883
1.07            0.0256263664785
1.08            0.0265639111508
1.09            0.0275186162168
1.1             0.0284903453437
1.11            0.0294789568697
1.12            0.030484304119
1.13            0.031506235707
1.14            0.0325445958391
1.15            0.0335992246012
1.16            0.0346699582415
1.17            0.0357566294452
1.18            0.0368590675996
1.19            0.0379770990529
1.2             0.0391105473624
1.21            0.0402592335367
1.22            0.0414229762687
1.23            0.0426015921603
1.24            0.0437948959396
1.25            0.0450027006703
1.26            0.0462248179526
1.27            0.0474610581174
1.28            0.0487112304115
1.29            0.0499751431772
1.3             0.0512526040229
1.31            0.0525434199875
1.32            0.0538473976976
1.33            0.0551643435177
1.34            0.056494063694
1.35            0.0578363644913
1.36            0.0591910523238
1.37            0.0605579338796
1.38            0.0619368162394
1.39            0.0633275069889
1.4             0.0647298143261
1.41            0.0661435471622
1.42            0.0675685152184
1.43            0.0690045291161
1.44            0.0704514004635
1.45            0.0719089419358
1.46            0.0733769673522
1.47            0.0748552917476
1.48            0.0763437314394
1.49            0.0778421040915
1.5             0.0793502287728
1.51            0.0808679260125
1.52            0.0823950178516
1.53            0.0839313278904
1.54            0.085476681333
1.55            0.087030905028
1.56            0.0885938275059
1.57            0.090165279014
1.58            0.0917450915478
1.59            0.0933330988794
1.6             0.094929136584
1.61            0.0965330420625
1.62            0.0981446545628
1.63            0.0997638151983
1.64            0.101390366963
1.65            0.103024154748
1.66            0.10466502535
1.67            0.106312827482
1.68            0.107967411784
1.69            0.109628630826
1.7             0.111296339113
1.71            0.112970393089
1.72            0.114650651137
1.73            0.11633697358
1.74            0.118029222677
1.75            0.119727262624
1.76            0.121430959545
1.77            0.12314018149
1.78            0.124854798427
1.79            0.126574682236
1.8             0.128299706697
1.81            0.130029747485
1.82            0.131764682157
1.83            0.133504390138
1.84            0.135248752717
1.85            0.136997653025
1.86            0.138750976029
1.87            0.140508608512
1.88            0.142270439064
1.89            0.144036358062
1.9             0.145806257658
1.91            0.14758003176
1.92            0.149357576017
1.93            0.151138787802
1.94            0.152923566195
1.95            0.154711811963
1.96            0.156503427546
1.97            0.158298317035
1.98            0.160096386156
1.99            0.16189754225
2.0             0.163701694255
2.01            0.165508752686
2.02            0.167318629618
2.03            0.169131238664
2.04            0.170946494958
2.05            0.172764315132
2.06            0.174584617302
2.07            0.176407321044
2.08            0.178232347377
2.09            0.18005961874
2.1             0.181889058978
2.11            0.183720593317
2.12            0.185554148347
2.13            0.187389652004
2.14            0.189227033548
2.15            0.191066223544
2.16            0.192907153845
2.17            0.19474975757
2.18            0.196593969089
2.19            0.198439723998
2.2             0.200286959106
2.21            0.202135612414
2.22            0.203985623096
2.23            0.205836931481
2.24            0.207689479036
2.25            0.209543208346
2.26            0.211398063097
2.27            0.213253988059
2.28            0.215110929068
2.29            0.216968833007
2.3             0.21882764779
2.31            0.220687322347
2.32            0.222547806603
2.33            0.224409051465
2.34            0.226271008803
2.35            0.228133631436
2.36            0.229996873112
2.37            0.231860688499
2.38            0.233725033161
2.39            0.235589863547
2.4             0.237455136978
2.41            0.239320811627
2.42            0.241186846505
2.43            0.243053201449
2.44            0.244919837106
2.45            0.246786714918
2.46            0.248653797108
2.47            0.250521046667
2.48            0.25238842734
2.49            0.254255903613
2.5             0.256123440696
2.51            0.257991004515
2.52            0.259858561698
2.53            0.261726079558
2.54            0.263593526086
2.55            0.265460869934
2.56            0.267328080408
2.57            0.26919512745
2.58            0.271061981631
2.59            0.272928614137
2.6             0.274794996759
2.61            0.276661101879
2.62            0.278526902464
2.63            0.280392372049
2.64            0.282257484731
2.65            0.284122215156
2.66            0.285986538512
2.67            0.287850430512
2.68            0.289713867391
2.69            0.291576825894
2.7             0.293439283265
2.71            0.295301217237
2.72            0.297162606026
2.73            0.299023428319
2.74            0.300883663266
2.75            0.302743290469
2.76            0.304602289979
2.77            0.306460642281
2.78            0.308318328288
2.79            0.310175329335
2.8             0.312031627167
2.81            0.313887203933
2.82            0.31574204218
2.83            0.317596124841
2.84            0.319449435232
2.85            0.321301957041
2.86            0.323153674323
2.87            0.325004571491
2.88            0.326854633312
2.89            0.328703844896
2.9             0.330552191693
2.91            0.332399659485
2.92            0.334246234377
2.93            0.336091902794
2.94            0.337936651476
2.95            0.339780467466
2.96            0.34162333811
2.97            0.343465251047
2.98            0.345306194204
2.99            0.347146155793
3.0             0.348985124303
